Team_A,Team_B,Team_A_Win_Prob,Draw_Prob,Team_B_Win_Prob
Algeria,Argentina,0.0264,0.1657,0.8079
Algeria,Australia,0.5721,0.3031,0.1248
Algeria,Austria,0.4044,0.3543,0.2412
Algeria,Belgium,0.0707,0.2492,0.6801
Algeria,Bosnia and Herzegovina,0.4764,0.3374,0.1861
Algeria,Brazil,0.0988,0.2809,0.6203
Algeria,Cabo Verde,0.4247,0.3506,0.2248
Algeria,Canada,0.2333,0.3525,0.4142
Algeria,Colombia,0.4262,0.3502,0.2236
Algeria,Congo DR,0.4766,0.3377,0.1857
Algeria,Croatia,0.2665,0.3582,0.3753
Algeria,Curacao,0.7085,0.2324,0.0592
Algeria,Czechia,0.6627,0.2589,0.0785
Algeria,Ecuador,0.5882,0.2958,0.1159
Algeria,Egypt,0.3201,0.362,0.3179
Algeria,England,0.0828,0.264,0.6532
Algeria,France,0.0282,0.1706,0.8012
Algeria,Germany,0.0353,0.1879,0.7768
Algeria,Ghana,0.7312,0.2182,0.0506
Algeria,Haiti,0.645,0.2683,0.0867
Algeria,Iran,0.5773,0.3009,0.1218
Algeria,Iraq,0.7819,0.1844,0.0337
Algeria,Japan,0.2458,0.3551,0.3992
Algeria,Jordan,0.5421,0.3152,0.1426
Algeria,Mexico,0.1862,0.3379,0.4758
Algeria,Morocco,0.1264,0.3043,0.5693
Algeria,Netherlands,0.0511,0.2188,0.7301
Algeria,New Zealand,0.3071,0.3615,0.3314
Algeria,Norway,0.0895,0.271,0.6395
Algeria,Panama,0.7986,0.1725,0.029
Algeria,Paraguay,0.7909,0.178,0.0311
Algeria,Portugal,0.2403,0.3543,0.4054
Algeria,Qatar,0.696,0.2397,0.0643
Algeria,Saudi Arabia,0.6389,0.2713,0.0898
Algeria,Scotland,0.674,0.2525,0.0735
Algeria,Senegal,0.0567,0.2287,0.7146
Algeria,South Africa,0.6263,0.2779,0.0959
Algeria,South Korea,0.5766,0.301,0.1224
Algeria,Spain,0.1568,0.3237,0.5196
Algeria,Sweden,0.2558,0.3567,0.3875
Algeria,Switzerland,0.2087,0.3457,0.4456
Algeria,Tunisia,0.6748,0.252,0.0733
Algeria,Turkey,0.5989,0.2911,0.11
Algeria,United States,0.1939,0.3407,0.4654
Algeria,Uruguay,0.4599,0.3422,0.1978
Algeria,Uzbekistan,0.701,0.2368,0.0622
Argentina,Algeria,0.8082,0.1654,0.0264
Argentina,Australia,0.9068,0.0868,0.0065
Argentina,Austria,0.8491,0.1344,0.0166
Argentina,Belgium,0.5126,0.3262,0.1612
Argentina,Bosnia and Herzegovina,0.8767,0.1121,0.0112
Argentina,Brazil,0.5818,0.2988,0.1194
Argentina,Cabo Verde,0.8573,0.1278,0.0148
Argentina,Canada,0.7513,0.2051,0.0436
Argentina,Colombia,0.858,0.1273,0.0147
Argentina,Congo DR,0.8767,0.1122,0.0112
Argentina,Croatia,0.7759,0.1884,0.0357
Argentina,Curacao,0.9417,0.0558,0.0026
Argentina,Czechia,0.9307,0.0657,0.0036
Argentina,Ecuador,0.9113,0.0828,0.0059
Argentina,Egypt,0.8086,0.1651,0.0263
Argentina,England,0.5454,0.314,0.1406
Argentina,France,0.331,0.3616,0.3074
Argentina,Germany,0.3729,0.3588,0.2683
Argentina,Ghana,0.9468,0.051,0.0021
Argentina,Haiti,0.9263,0.0696,0.0041
Argentina,Iran,0.9082,0.0855,0.0063
Argentina,Iraq,0.9579,0.0408,0.0013
Argentina,Japan,0.761,0.1986,0.0404
Argentina,Jordan,0.898,0.0943,0.0077
Argentina,Mexico,0.7086,0.2322,0.0592
Argentina,Morocco,0.6321,0.2748,0.093
Argentina,Netherlands,0.4462,0.3453,0.2085
Argentina,New Zealand,0.8014,0.1704,0.0283
Argentina,Norway,0.5616,0.3072,0.1312
Argentina,Panama,0.9614,0.0375,0.0011
Argentina,Paraguay,0.9598,0.039,0.0012
Argentina,Portugal,0.7568,0.2015,0.0417
Argentina,Qatar,0.9388,0.0584,0.0028
Argentina,Saudi Arabia,0.9248,0.0709,0.0042
Argentina,Scotland,0.9335,0.0632,0.0033
Argentina,Senegal,0.4672,0.3403,0.1925
Argentina,South Africa,0.9215,0.0739,0.0046
Argentina,South Korea,0.9081,0.0856,0.0063
Argentina,Spain,0.6751,0.2517,0.0731
Argentina,Sweden,0.7684,0.1935,0.038
Argentina,Switzerland,0.7305,0.2185,0.051
Argentina,Tunisia,0.9337,0.063,0.0033
Argentina,Turkey,0.9142,0.0803,0.0055
Argentina,United States,0.7165,0.2273,0.0562
Argentina,Uruguay,0.8707,0.117,0.0122
Argentina,Uzbekistan,0.9399,0.0573,0.0027
Australia,Algeria,0.1248,0.3027,0.5725
Australia,Argentina,0.0065,0.0868,0.9068
Australia,Austria,0.1783,0.3341,0.4876
Australia,Belgium,0.019,0.1432,0.8378
Australia,Bosnia and Herzegovina,0.2322,0.3518,0.416
Australia,Brazil,0.0279,0.1696,0.8025
Australia,Cabo Verde,0.1926,0.3401,0.4674
Australia,Canada,0.0808,0.2613,0.6579
Australia,Colombia,0.1937,0.3404,0.4659
Australia,Congo DR,0.2324,0.3523,0.4153
Australia,Croatia,0.0968,0.2783,0.6249
Australia,Curacao,0.4797,0.3366,0.1837
Australia,Czechia,0.4204,0.3513,0.2283
Australia,Ecuador,0.3356,0.3611,0.3033
Australia,Egypt,0.1254,0.3034,0.5712
Australia,England,0.0227,0.155,0.8222
Australia,France,0.0069,0.0897,0.9033
Australia,Germany,0.0088,0.1005,0.8906
Australia,Ghana,0.5113,0.3265,0.1621
Australia,Haiti,0.3991,0.3551,0.2458
Australia,Iran,0.3244,0.3618,0.3138
Australia,Iraq,0.5875,0.2964,0.1161
Australia,Japan,0.0867,0.2679,0.6455
Australia,Jordan,0.2898,0.3606,0.3496
Australia,Mexico,0.0602,0.2339,0.7059
Australia,Morocco,0.0373,0.1922,0.7705
Australia,Netherlands,0.0132,0.1211,0.8657
Australia,New Zealand,0.1181,0.2974,0.5845
Australia,Norway,0.0248,0.161,0.8142
Australia,Panama,0.6141,0.2837,0.1022
Australia,Paraguay,0.6017,0.2897,0.1086
Australia,Portugal,0.0841,0.2653,0.6506
Australia,Qatar,0.4629,0.3411,0.196
Australia,Saudi Arabia,0.3916,0.3559,0.2525
Australia,Scotland,0.4345,0.3483,0.2172
Australia,Senegal,0.0148,0.128,0.8572
Australia,South Africa,0.3772,0.3581,0.2647
Australia,South Korea,0.3236,0.3614,0.315
Australia,Spain,0.0485,0.2143,0.7372
Australia,Sweden,0.0915,0.273,0.6355
Australia,Switzerland,0.0698,0.2472,0.683
Australia,Tunisia,0.4354,0.3479,0.2168
Australia,Turkey,0.3469,0.3608,0.2922
Australia,United States,0.0634,0.2384,0.6982
Australia,Uruguay,0.2191,0.3488,0.4321
Australia,Uzbekistan,0.4696,0.3393,0.1911
Austria,Algeria,0.2413,0.3539,0.4048
Austria,Argentina,0.0165,0.1343,0.8491
Austria,Australia,0.4875,0.3341,0.1783
Austria,Belgium,0.0461,0.2102,0.7437
Austria,Bosnia and Herzegovina,0.3889,0.3563,0.2548
Austria,Brazil,0.0658,0.2419,0.6923
Austria,Cabo Verde,0.3384,0.3613,0.3003
Austria,Canada,0.1686,0.3296,0.5019
Austria,Colombia,0.3398,0.3612,0.299
Austria,Congo DR,0.3891,0.3567,0.2542
Austria,Croatia,0.1961,0.3409,0.463
Austria,Curacao,0.6393,0.2712,0.0895
Austria,Czechia,0.5869,0.2966,0.1165
Austria,Ecuador,0.5048,0.3284,0.1668
Austria,Egypt,0.2422,0.3544,0.4034
Austria,England,0.0545,0.2247,0.7208
Austria,France,0.0177,0.1386,0.8437
Austria,Germany,0.0223,0.1538,0.8239
Austria,Ghana,0.6657,0.2571,0.0772
Austria,Haiti,0.5671,0.3052,0.1277
Austria,Iran,0.493,0.3325,0.1744
Austria,Iraq,0.7261,0.2215,0.0525
Austria,Japan,0.1788,0.3342,0.487
Austria,Jordan,0.4559,0.343,0.2011
Austria,Mexico,0.131,0.3076,0.5614
Austria,Morocco,0.0857,0.267,0.6473
Austria,Netherlands,0.0328,0.1817,0.7856
Austria,New Zealand,0.2308,0.3515,0.4177
Austria,Norway,0.0592,0.2318,0.709
Austria,Panama,0.7461,0.2085,0.0454
Austria,Paraguay,0.7368,0.2145,0.0486
Austria,Portugal,0.1744,0.3325,0.4931
Austria,Qatar,0.6248,0.2784,0.0968
Austria,Saudi Arabia,0.5602,0.3078,0.1321
Austria,Scotland,0.5997,0.2907,0.1096
Austria,Senegal,0.0366,0.1908,0.7727
Austria,South Africa,0.5462,0.3136,0.1402
Austria,South Korea,0.4923,0.3325,0.1752
Austria,Spain,0.1084,0.2894,0.6022
Austria,Sweden,0.1871,0.3376,0.4753
Austria,Switzerland,0.1488,0.3187,0.5325
Austria,Tunisia,0.6005,0.2901,0.1093
Austria,Turkey,0.5163,0.3247,0.159
Austria,United States,0.137,0.3114,0.5515
Austria,Uruguay,0.3726,0.3587,0.2687
Austria,Uzbekistan,0.6306,0.2755,0.0938
Belgium,Algeria,0.681,0.2482,0.0708
Belgium,Argentina,0.1613,0.3255,0.5132
Belgium,Australia,0.8382,0.1428,0.019
Belgium,Austria,0.7442,0.2097,0.0462
Belgium,Bosnia and Herzegovina,0.7884,0.1796,0.032
Belgium,Brazil,0.3895,0.3562,0.2543
Belgium,Cabo Verde,0.7573,0.2011,0.0417
Belgium,Canada,0.5986,0.2909,0.1105
Belgium,Colombia,0.7583,0.2004,0.0414
Belgium,Congo DR,0.7884,0.1797,0.0319
Belgium,Croatia,0.6334,0.2738,0.0928
Belgium,Curacao,0.8975,0.0947,0.0078
Belgium,Czechia,0.8788,0.1104,0.0108
Belgium,Ecuador,0.8458,0.1368,0.0173
Belgium,Egypt,0.6817,0.2479,0.0704
Belgium,England,0.3515,0.3603,0.2882
Belgium,France,0.1695,0.3297,0.5008
Belgium,Germany,0.1999,0.3425,0.4576
Belgium,Ghana,0.9065,0.087,0.0065
Belgium,Haiti,0.8713,0.1166,0.0122
Belgium,Iran,0.8406,0.1409,0.0184
Belgium,Iraq,0.9257,0.0702,0.0041
Belgium,Japan,0.6122,0.2845,0.1034
Belgium,Jordan,0.8235,0.154,0.0225
Belgium,Mexico,0.5408,0.3156,0.1437
Belgium,Morocco,0.4459,0.3453,0.2088
Belgium,Netherlands,0.2587,0.3566,0.3846
Belgium,New Zealand,0.6708,0.2539,0.0753
Belgium,Norway,0.368,0.3585,0.2735
Belgium,Panama,0.9318,0.0647,0.0035
Belgium,Paraguay,0.929,0.0672,0.0038
Belgium,Portugal,0.6062,0.2874,0.1063
Belgium,Qatar,0.8926,0.0989,0.0086
Belgium,Saudi Arabia,0.8687,0.1186,0.0127
Belgium,Scotland,0.8835,0.1065,0.01
Belgium,Senegal,0.2772,0.3596,0.3633
Belgium,South Africa,0.8631,0.1232,0.0137
Belgium,South Korea,0.8404,0.1411,0.0185
Belgium,Spain,0.4979,0.3306,0.1715
Belgium,Sweden,0.6227,0.2793,0.0981
Belgium,Switzerland,0.57,0.3035,0.1265
Belgium,Tunisia,0.8839,0.1062,0.01
Belgium,Turkey,0.8507,0.133,0.0162
Belgium,United States,0.5511,0.3114,0.1375
Belgium,Uruguay,0.7788,0.1864,0.0348
Belgium,Uzbekistan,0.8946,0.0972,0.0083
Bosnia and Herzegovina,Algeria,0.1861,0.3375,0.4765
Bosnia and Herzegovina,Argentina,0.0112,0.1123,0.8765
Bosnia and Herzegovina,Australia,0.4156,0.3523,0.2321
Bosnia and Herzegovina,Austria,0.2545,0.3568,0.3887
Bosnia and Herzegovina,Belgium,0.032,0.1804,0.7877
Bosnia and Herzegovina,Brazil,0.0462,0.2104,0.7433
Bosnia and Herzegovina,Cabo Verde,0.272,0.3593,0.3686
Bosnia and Herzegovina,Canada,0.1256,0.3037,0.5707
Bosnia and Herzegovina,Colombia,0.2734,0.3594,0.3672
Bosnia and Herzegovina,Congo DR,0.3194,0.3621,0.3185
Bosnia and Herzegovina,Croatia,0.148,0.3184,0.5336
Bosnia and Herzegovina,Curacao,0.5752,0.3019,0.1229
Bosnia and Herzegovina,Czechia,0.5186,0.3242,0.1572
Bosnia and Herzegovina,Ecuador,0.433,0.3485,0.2185
Bosnia and Herzegovina,Egypt,0.1868,0.3381,0.4751
Bosnia and Herzegovina,England,0.038,0.194,0.768
Bosnia and Herzegovina,France,0.012,0.116,0.872
Bosnia and Herzegovina,Germany,0.0152,0.1294,0.8554
Bosnia and Herzegovina,Ghana,0.6044,0.2887,0.107
Bosnia and Herzegovina,Haiti,0.4976,0.3312,0.1711
Bosnia and Herzegovina,Iran,0.4212,0.3513,0.2275
Bosnia and Herzegovina,Iraq,0.6722,0.2536,0.0742
Bosnia and Herzegovina,Japan,0.1339,0.3095,0.5567
Bosnia and Herzegovina,Jordan,0.384,0.3573,0.2586
Bosnia and Herzegovina,Mexico,0.0957,0.278,0.6263
Bosnia and Herzegovina,Morocco,0.061,0.2352,0.7038
Bosnia and Herzegovina,Netherlands,0.0225,0.1542,0.8233
Bosnia and Herzegovina,New Zealand,0.1771,0.3336,0.4893
Bosnia and Herzegovina,Norway,0.0414,0.2007,0.7578
Bosnia and Herzegovina,Panama,0.6952,0.2402,0.0646
Bosnia and Herzegovina,Paraguay,0.6845,0.2465,0.069
Bosnia and Herzegovina,Portugal,0.1303,0.3073,0.5625
Bosnia and Herzegovina,Qatar,0.5594,0.3083,0.1323
Bosnia and Herzegovina,Saudi Arabia,0.4903,0.3332,0.1765
Bosnia and Herzegovina,Scotland,0.5323,0.3191,0.1486
Bosnia and Herzegovina,Senegal,0.0252,0.1625,0.8123
Bosnia and Herzegovina,South Africa,0.4758,0.3378,0.1864
Bosnia and Herzegovina,South Korea,0.4204,0.3512,0.2285
Bosnia and Herzegovina,Spain,0.0782,0.2584,0.6635
Bosnia and Herzegovina,Sweden,0.1407,0.3139,0.5455
Bosnia and Herzegovina,Switzerland,0.1097,0.2907,0.5996
Bosnia and Herzegovina,Tunisia,0.5332,0.3186,0.1482
Bosnia and Herzegovina,Turkey,0.4448,0.346,0.2092
Bosnia and Herzegovina,United States,0.1004,0.2824,0.6172
Bosnia and Herzegovina,Uruguay,0.3038,0.3617,0.3345
Bosnia and Herzegovina,Uzbekistan,0.5657,0.3057,0.1285
Brazil,Algeria,0.6207,0.2804,0.0989
Brazil,Argentina,0.1194,0.2986,0.582
Brazil,Australia,0.8026,0.1695,0.0279
Brazil,Austria,0.6924,0.2418,0.0658
Brazil,Belgium,0.254,0.3567,0.3893
Brazil,Bosnia and Herzegovina,0.7438,0.21,0.0463
Brazil,Cabo Verde,0.7076,0.2328,0.0597
Brazil,Canada,0.5305,0.3195,0.15
Brazil,Colombia,0.7087,0.2321,0.0592
Brazil,Congo DR,0.7438,0.21,0.0462
Brazil,Croatia,0.5681,0.3044,0.1275
Brazil,Curacao,0.8741,0.1143,0.0116
Brazil,Czechia,0.8514,0.1326,0.0161
Brazil,Ecuador,0.8118,0.1627,0.0255
Brazil,Egypt,0.6215,0.2801,0.0983
Brazil,England,0.2835,0.3602,0.3563
Brazil,France,0.126,0.3037,0.5703
Brazil,Germany,0.1508,0.3202,0.529
Brazil,Ghana,0.885,0.1053,0.0097
Brazil,Haiti,0.8423,0.1396,0.018
Brazil,Iran,0.8056,0.1674,0.0271
Brazil,Iraq,0.9084,0.0854,0.0062
Brazil,Japan,0.5451,0.3139,0.141
Brazil,Jordan,0.7851,0.182,0.0329
Brazil,Mexico,0.4694,0.3395,0.1911
Brazil,Morocco,0.3736,0.3584,0.268
Brazil,Netherlands,0.2006,0.3426,0.4569
Brazil,New Zealand,0.6094,0.2859,0.1048
Brazil,Norway,0.2989,0.3608,0.3403
Brazil,Panama,0.9159,0.0788,0.0053
Brazil,Paraguay,0.9124,0.0818,0.0057
Brazil,Portugal,0.5387,0.3165,0.1448
Brazil,Qatar,0.8681,0.1192,0.0128
Brazil,Saudi Arabia,0.8392,0.142,0.0188
Brazil,Scotland,0.8571,0.128,0.0149
Brazil,Senegal,0.2167,0.3483,0.435
Brazil,South Africa,0.8325,0.1472,0.0203
Brazil,South Korea,0.8052,0.1675,0.0272
Brazil,Spain,0.4254,0.35,0.2246
Brazil,Sweden,0.5565,0.3093,0.1343
Brazil,Switzerland,0.5,0.33,0.17
Brazil,Tunisia,0.8575,0.1276,0.0148
Brazil,Turkey,0.8177,0.1584,0.0239
Brazil,United States,0.4802,0.3362,0.1836
Brazil,Uruguay,0.7326,0.2173,0.0502
Brazil,Uzbekistan,0.8705,0.1172,0.0123
Cabo Verde,Algeria,0.2249,0.35,0.4251
Cabo Verde,Argentina,0.0148,0.1278,0.8574
Cabo Verde,Australia,0.4674,0.34,0.1926
Cabo Verde,Austria,0.3003,0.3612,0.3385
Cabo Verde,Belgium,0.0416,0.2015,0.7569
Cabo Verde,Bosnia and Herzegovina,0.3689,0.3587,0.2724
Cabo Verde,Brazil,0.0596,0.2328,0.7075
Cabo Verde,Canada,0.1555,0.3227,0.5218
Cabo Verde,Colombia,0.3206,0.3616,0.3178
Cabo Verde,Congo DR,0.3691,0.3591,0.2718
Cabo Verde,Croatia,0.1816,0.3351,0.4833
Cabo Verde,Curacao,0.6219,0.28,0.0981
Cabo Verde,Czechia,0.5681,0.3047,0.1271
Cabo Verde,Ecuador,0.4847,0.3347,0.1805
Cabo Verde,Egypt,0.2258,0.3505,0.4237
Cabo Verde,England,0.0493,0.2158,0.7349
Cabo Verde,France,0.0159,0.1318,0.8523
Cabo Verde,Germany,0.02,0.1465,0.8334
Cabo Verde,Ghana,0.6492,0.266,0.0848
Cabo Verde,Haiti,0.548,0.3129,0.1391
Cabo Verde,Iran,0.4729,0.3385,0.1886
Cabo Verde,Iraq,0.7117,0.2304,0.058
Cabo Verde,Japan,0.1652,0.3277,0.5071
Cabo Verde,Jordan,0.4356,0.3478,0.2165
Cabo Verde,Mexico,0.1202,0.2995,0.5803
Cabo Verde,Morocco,0.078,0.2579,0.664
Cabo Verde,Netherlands,0.0295,0.1736,0.7969
Cabo Verde,New Zealand,0.2148,0.3471,0.4381
Cabo Verde,Norway,0.0536,0.2228,0.7236
Cabo Verde,Panama,0.7326,0.2172,0.0502
Cabo Verde,Paraguay,0.7229,0.2234,0.0537
Cabo Verde,Portugal,0.161,0.3259,0.5131
Cabo Verde,Qatar,0.607,0.2871,0.1059
Cabo Verde,Saudi Arabia,0.5409,0.3154,0.1437
Cabo Verde,Scotland,0.5813,0.299,0.1197
Cabo Verde,Senegal,0.0329,0.1824,0.7846
Cabo Verde,South Africa,0.5267,0.3209,0.1523
Cabo Verde,South Korea,0.4722,0.3384,0.1894
Cabo Verde,Spain,0.099,0.2807,0.6202
Cabo Verde,Sweden,0.1731,0.3314,0.4955
Cabo Verde,Switzerland,0.1368,0.3111,0.552
Cabo Verde,Tunisia,0.5821,0.2985,0.1194
Cabo Verde,Turkey,0.4964,0.3313,0.1723
Cabo Verde,United States,0.1258,0.3035,0.5707
Cabo Verde,Uruguay,0.3528,0.3605,0.2867
Cabo Verde,Uzbekistan,0.613,0.2842,0.1028
Canada,Algeria,0.4143,0.3522,0.2335
Canada,Argentina,0.0436,0.2051,0.7513
Canada,Australia,0.6578,0.2614,0.0808
Canada,Austria,0.5017,0.3297,0.1686
Canada,Belgium,0.1103,0.2916,0.598
Canada,Bosnia and Herzegovina,0.571,0.3033,0.1257
Canada,Brazil,0.1499,0.3198,0.5303
Canada,Cabo Verde,0.5216,0.3229,0.1555
Canada,Colombia,0.5231,0.3223,0.1546
Canada,Congo DR,0.5711,0.3035,0.1254
Canada,Croatia,0.3569,0.3599,0.2832
Canada,Curacao,0.7734,0.1902,0.0364
Canada,Czechia,0.7355,0.2155,0.0491
Canada,Ecuador,0.6719,0.2535,0.0746
Canada,Egypt,0.4153,0.3523,0.2324
Canada,England,0.1276,0.3052,0.5672
Canada,France,0.0464,0.2106,0.743
Canada,Germany,0.0575,0.2296,0.7129
Canada,Ghana,0.7919,0.1773,0.0308
Canada,Haiti,0.7206,0.2248,0.0545
Canada,Iran,0.6623,0.259,0.0787
Canada,Iraq,0.8326,0.1472,0.0202
Canada,Japan,0.3335,0.3614,0.3052
Canada,Jordan,0.6312,0.2753,0.0935
Canada,Mexico,0.2631,0.3581,0.3788
Canada,Morocco,0.1872,0.338,0.4749
Canada,Netherlands,0.0815,0.262,0.6565
Canada,New Zealand,0.4015,0.3544,0.2441
Canada,Norway,0.137,0.3113,0.5517
Canada,Panama,0.8457,0.137,0.0173
Canada,Paraguay,0.8397,0.1417,0.0186
Canada,Portugal,0.3272,0.3618,0.311
Canada,Qatar,0.7631,0.1971,0.0397
Canada,Saudi Arabia,0.7154,0.2279,0.0567
Canada,Scotland,0.7449,0.2093,0.0458
Canada,Senegal,0.0899,0.2719,0.6382
Canada,South Africa,0.7047,0.2345,0.0608
Canada,South Korea,0.6618,0.2591,0.0791
Canada,Spain,0.2265,0.3507,0.4228
Canada,Sweden,0.3449,0.3607,0.2944
Canada,Switzerland,0.2903,0.3605,0.3491
Canada,Tunisia,0.7456,0.2088,0.0456
Canada,Turkey,0.6812,0.2484,0.0705
Canada,United States,0.2725,0.359,0.3685
Canada,Uruguay,0.5554,0.31,0.1346
Canada,Uzbekistan,0.7673,0.1944,0.0384
Colombia,Algeria,0.2237,0.3498,0.4265
Colombia,Argentina,0.0147,0.1273,0.858
Colombia,Australia,0.4658,0.3405,0.1937
Colombia,Austria,0.2989,0.3612,0.3399
Colombia,Belgium,0.0413,0.2009,0.7578
Colombia,Bosnia and Herzegovina,0.3674,0.359,0.2736
Colombia,Brazil,0.0592,0.2322,0.7086
Colombia,Cabo Verde,0.3177,0.3618,0.3206
Colombia,Canada,0.1546,0.3223,0.5232
Colombia,Congo DR,0.3676,0.3593,0.273
Colombia,Croatia,0.1805,0.3348,0.4847
Colombia,Curacao,0.6205,0.2808,0.0988
Colombia,Czechia,0.5667,0.3054,0.1279
Colombia,Ecuador,0.4832,0.3353,0.1816
Colombia,Egypt,0.2245,0.3503,0.4252
Colombia,England,0.0489,0.2152,0.7359
Colombia,France,0.0157,0.1314,0.8529
Colombia,Germany,0.0199,0.146,0.8341
Colombia,Ghana,0.6479,0.2668,0.0854
Colombia,Haiti,0.5465,0.3136,0.1399
Colombia,Iran,0.4714,0.339,0.1896
Colombia,Iraq,0.7105,0.2311,0.0584
Colombia,Japan,0.1642,0.3273,0.5085
Colombia,Jordan,0.4341,0.3482,0.2177
Colombia,Mexico,0.1194,0.2989,0.5817
Colombia,Morocco,0.0775,0.2573,0.6652
Colombia,Netherlands,0.0293,0.173,0.7977
Colombia,New Zealand,0.2136,0.3469,0.4395
Colombia,Norway,0.0532,0.2222,0.7246
Colombia,Panama,0.7315,0.2179,0.0506
Colombia,Paraguay,0.7218,0.2241,0.0541
Colombia,Portugal,0.16,0.3254,0.5145
Colombia,Qatar,0.6056,0.2878,0.1066
Colombia,Saudi Arabia,0.5394,0.316,0.1446
Colombia,Scotland,0.5798,0.2997,0.1205
Colombia,Senegal,0.0327,0.1819,0.7854
Colombia,South Africa,0.5252,0.3215,0.1532
Colombia,South Korea,0.4706,0.3389,0.1904
Colombia,Spain,0.0984,0.2802,0.6215
Colombia,Sweden,0.1721,0.331,0.4969
Colombia,Switzerland,0.136,0.3106,0.5534
Colombia,Tunisia,0.5807,0.2991,0.1202
Colombia,Turkey,0.4949,0.3319,0.1733
Colombia,United States,0.125,0.303,0.572
Colombia,Uruguay,0.3513,0.3606,0.288
Colombia,Uzbekistan,0.6116,0.285,0.1035
Congo DR,Algeria,0.1858,0.337,0.4772
Congo DR,Argentina,0.0112,0.112,0.8768
Congo DR,Australia,0.4154,0.352,0.2326
Congo DR,Austria,0.2543,0.3564,0.3894
Congo DR,Belgium,0.0319,0.1799,0.7882
Congo DR,Bosnia and Herzegovina,0.3189,0.3613,0.3198
Congo DR,Brazil,0.0462,0.21,0.7439
Congo DR,Cabo Verde,0.2718,0.3589,0.3693
Congo DR,Canada,0.1254,0.3031,0.5715
Congo DR,Colombia,0.2731,0.359,0.3679
Congo DR,Croatia,0.1478,0.3178,0.5344
Congo DR,Curacao,0.575,0.3017,0.1233
Congo DR,Czechia,0.5184,0.324,0.1576
Congo DR,Ecuador,0.4328,0.3482,0.219
Congo DR,Egypt,0.1866,0.3376,0.4758
Congo DR,England,0.038,0.1935,0.7685
Congo DR,France,0.012,0.1157,0.8723
Congo DR,Germany,0.0151,0.129,0.8558
Congo DR,Ghana,0.6042,0.2885,0.1073
Congo DR,Haiti,0.4974,0.331,0.1716
Congo DR,Iran,0.4209,0.3511,0.228
Congo DR,Iraq,0.6721,0.2535,0.0744
Congo DR,Japan,0.1337,0.3089,0.5574
Congo DR,Jordan,0.3838,0.357,0.2592
Congo DR,Mexico,0.0956,0.2775,0.627
Congo DR,Morocco,0.0609,0.2347,0.7044
Congo DR,Netherlands,0.0224,0.1538,0.8237
Congo DR,New Zealand,0.1769,0.333,0.4901
Congo DR,Norway,0.0413,0.2003,0.7584
Congo DR,Panama,0.6951,0.2401,0.0647
Congo DR,Paraguay,0.6844,0.2464,0.0691
Congo DR,Portugal,0.1301,0.3067,0.5632
Congo DR,Qatar,0.5592,0.3082,0.1326
Congo DR,Saudi Arabia,0.4901,0.333,0.1769
Congo DR,Scotland,0.5321,0.3189,0.1489
Congo DR,Senegal,0.0251,0.1621,0.8128
Congo DR,South Africa,0.4756,0.3376,0.1869
Congo DR,South Korea,0.4202,0.3509,0.229
Congo DR,Spain,0.0781,0.2578,0.6641
Congo DR,Sweden,0.1405,0.3133,0.5462
Congo DR,Switzerland,0.1095,0.2902,0.6003
Congo DR,Tunisia,0.533,0.3184,0.1486
Congo DR,Turkey,0.4446,0.3458,0.2096
Congo DR,United States,0.1003,0.2818,0.6179
Congo DR,Uruguay,0.3035,0.3613,0.3351
Congo DR,Uzbekistan,0.5656,0.3056,0.1289
Croatia,Algeria,0.3751,0.3585,0.2664
Croatia,Argentina,0.0357,0.1888,0.7755
Croatia,Australia,0.6244,0.2789,0.0967
Croatia,Austria,0.4625,0.3416,0.1959
Croatia,Belgium,0.0926,0.275,0.6324
Croatia,Bosnia and Herzegovina,0.5334,0.3186,0.148
Croatia,Brazil,0.1273,0.3052,0.5675
Croatia,Cabo Verde,0.4826,0.3359,0.1814
Croatia,Canada,0.2829,0.3604,0.3567
Croatia,Colombia,0.4842,0.3354,0.1804
Croatia,Congo DR,0.5336,0.3188,0.1476
Croatia,Curacao,0.7486,0.207,0.0444
Croatia,Czechia,0.7075,0.233,0.0595
Croatia,Ecuador,0.6394,0.2711,0.0895
Croatia,Egypt,0.3761,0.3586,0.2653
Croatia,England,0.1077,0.2893,0.603
Croatia,France,0.0381,0.1941,0.7679
Croatia,Germany,0.0473,0.2126,0.7401
Croatia,Ghana,0.7688,0.1935,0.0377
Croatia,Haiti,0.6915,0.2425,0.066
Croatia,Iran,0.6292,0.2765,0.0943
Croatia,Iraq,0.8134,0.1617,0.0249
Croatia,Japan,0.2966,0.3613,0.3421
Croatia,Jordan,0.5963,0.2923,0.1114
Croatia,Mexico,0.2302,0.3522,0.4177
Croatia,Morocco,0.1606,0.3259,0.5135
Croatia,Netherlands,0.0677,0.2447,0.6876
Croatia,New Zealand,0.3625,0.3597,0.2778
Croatia,Norway,0.1159,0.2959,0.5882
Croatia,Panama,0.8279,0.1508,0.0213
Croatia,Paraguay,0.8212,0.1558,0.0229
Croatia,Portugal,0.2906,0.3612,0.3481
Croatia,Qatar,0.7375,0.2142,0.0484
Croatia,Saudi Arabia,0.6859,0.2456,0.0685
Croatia,Scotland,0.7177,0.2267,0.0556
Croatia,Senegal,0.0749,0.2547,0.6704
Croatia,South Africa,0.6744,0.2523,0.0733
Croatia,South Korea,0.6286,0.2767,0.0948
Croatia,Spain,0.1963,0.3417,0.462
Croatia,Sweden,0.3075,0.3616,0.3309
Croatia,Switzerland,0.2556,0.3569,0.3875
Croatia,Tunisia,0.7184,0.2262,0.0554
Croatia,Turkey,0.6492,0.2661,0.0847
Croatia,United States,0.2389,0.3539,0.4072
Croatia,Uruguay,0.5174,0.3246,0.158
Croatia,Uzbekistan,0.742,0.2113,0.0468
Curacao,Algeria,0.0592,0.2318,0.709
Curacao,Argentina,0.0026,0.0557,0.9417
Curacao,Australia,0.1837,0.3363,0.48
Curacao,Austria,0.0895,0.271,0.6395
Curacao,Belgium,0.0078,0.0948,0.8974
Curacao,Bosnia and Herzegovina,0.123,0.3011,0.5758
Curacao,Brazil,0.0116,0.1142,0.8742
Curacao,Cabo Verde,0.0981,0.2799,0.622
Curacao,Canada,0.0364,0.19,0.7737
Curacao,Colombia,0.0988,0.2804,0.6208
Curacao,Congo DR,0.1232,0.3017,0.5751
Curacao,Croatia,0.0444,0.2063,0.7493
Curacao,Czechia,0.2653,0.3582,0.3765
Curacao,Ecuador,0.1961,0.3408,0.4631
Curacao,Egypt,0.0595,0.2325,0.708
Curacao,England,0.0094,0.1034,0.8872
Curacao,France,0.0028,0.0577,0.9395
Curacao,Germany,0.0035,0.065,0.9315
Curacao,Ghana,0.3497,0.3607,0.2896
Curacao,Haiti,0.2471,0.3552,0.3977
Curacao,Iran,0.1877,0.3381,0.4743
Curacao,Iraq,0.429,0.3495,0.2215
Curacao,Japan,0.0393,0.1962,0.7645
Curacao,Jordan,0.1623,0.3262,0.5115
Curacao,Mexico,0.0264,0.1655,0.8081
Curacao,Morocco,0.0158,0.1315,0.8527
Curacao,Netherlands,0.0053,0.0792,0.9155
Curacao,New Zealand,0.0556,0.226,0.7184
Curacao,Norway,0.0103,0.10780000000000001,0.8819
Curacao,Panama,0.4585,0.3422,0.1993
Curacao,Paraguay,0.4446,0.3458,0.2096
Curacao,Portugal,0.038,0.1937,0.7683
Curacao,Qatar,0.3033,0.3611,0.3356
Curacao,Saudi Arabia,0.2409,0.3535,0.4057
Curacao,Scotland,0.2777,0.3596,0.3627
Curacao,Senegal,0.006,0.084,0.91
Curacao,South Africa,0.229,0.3511,0.4199
Curacao,South Korea,0.187,0.3374,0.4756
Curacao,Spain,0.0209,0.1492,0.8299
Curacao,Sweden,0.0417,0.2011,0.7572
Curacao,Switzerland,0.031,0.1772,0.7918
Curacao,Tunisia,0.2785,0.3594,0.3622
Curacao,Turkey,0.2049,0.3442,0.4509
Curacao,United States,0.0279,0.1695,0.8026
Curacao,Uruguay,0.1146,0.2948,0.5906
Curacao,Uzbekistan,0.3096,0.3613,0.3291
Czechia,Algeria,0.0785,0.2582,0.6633
Czechia,Argentina,0.0036,0.0656,0.9308
Czechia,Australia,0.2284,0.351,0.4207
Czechia,Austria,0.1166,0.2963,0.5872
Czechia,Belgium,0.0108,0.1106,0.8786
Czechia,Bosnia and Herzegovina,0.1574,0.3234,0.5192
Czechia,Brazil,0.0161,0.1325,0.8515
Czechia,Cabo Verde,0.1271,0.3045,0.5684
Czechia,Canada,0.0491,0.2152,0.7358
Czechia,Colombia,0.128,0.305,0.567
Czechia,Congo DR,0.1576,0.3239,0.5185
Czechia,Croatia,0.0595,0.2322,0.7082
Czechia,Curacao,0.3764,0.3582,0.2654
Czechia,Ecuador,0.2425,0.3538,0.4037
Czechia,Egypt,0.0789,0.259,0.6621
Czechia,England,0.013,0.1203,0.8667
Czechia,France,0.0039,0.0679,0.9282
Czechia,Germany,0.0049,0.0764,0.9187
Czechia,Ghana,0.4082,0.3535,0.2383
Czechia,Haiti,0.2993,0.3612,0.3395
Czechia,Iran,0.2329,0.3522,0.4149
Czechia,Iraq,0.4883,0.334,0.1777
Czechia,Japan,0.0529,0.2217,0.7254
Czechia,Jordan,0.2037,0.3437,0.4526
Czechia,Mexico,0.0359,0.1891,0.775
Czechia,Morocco,0.0217,0.1518,0.8265
Czechia,Netherlands,0.0075,0.0927,0.8999
Czechia,New Zealand,0.0739,0.2524,0.6737
Czechia,Norway,0.0143,0.1253,0.8605
Czechia,Panama,0.5173,0.3242,0.1585
Czechia,Paraguay,0.5037,0.3289,0.1674
Czechia,Portugal,0.0512,0.2191,0.7297
Czechia,Qatar,0.3598,0.3596,0.2807
Czechia,Saudi Arabia,0.2924,0.3603,0.3472
Czechia,Scotland,0.3325,0.3614,0.3061
Czechia,Senegal,0.0084,0.0982,0.8934
Czechia,South Africa,0.2793,0.3596,0.3611
Czechia,South Korea,0.2322,0.3516,0.4162
Czechia,Spain,0.0286,0.1713,0.8002
Czechia,Sweden,0.0561,0.2268,0.7171
Czechia,Switzerland,0.042,0.2016,0.7565
Czechia,Tunisia,0.3333,0.3611,0.3056
Czechia,Turkey,0.2524,0.356,0.3915
Czechia,United States,0.0379,0.1933,0.7688
Czechia,Uruguay,0.1472,0.3179,0.5348
Czechia,Uzbekistan,0.3664,0.359,0.2746
Ecuador,Algeria,0.1159,0.296,0.5881
Ecuador,Argentina,0.0059,0.083,0.9112
Ecuador,Australia,0.303,0.3617,0.3353
Ecuador,Austria,0.1666,0.329,0.5044
Ecuador,Belgium,0.0173,0.1375,0.8452
Ecuador,Bosnia and Herzegovina,0.2184,0.3486,0.433
Ecuador,Brazil,0.0255,0.1632,0.8113
Ecuador,Cabo Verde,0.1803,0.3354,0.4843
Ecuador,Canada,0.0745,0.2539,0.6716
Ecuador,Colombia,0.1814,0.3358,0.4829
Ecuador,Congo DR,0.2186,0.3491,0.4323
Ecuador,Croatia,0.0895,0.2711,0.6395
Ecuador,Curacao,0.4624,0.3417,0.1959
Ecuador,Czechia,0.403,0.3548,0.2422
Ecuador,Egypt,0.1164,0.2967,0.5869
Ecuador,England,0.0207,0.149,0.8302
Ecuador,France,0.0063,0.0858,0.9079
Ecuador,Germany,0.008,0.0962,0.8957
Ecuador,Ghana,0.4942,0.3324,0.1734
Ecuador,Haiti,0.3818,0.3579,0.2603
Ecuador,Iran,0.3081,0.362,0.3299
Ecuador,Iraq,0.5714,0.3036,0.125
Ecuador,Japan,0.08,0.2605,0.6595
Ecuador,Jordan,0.2743,0.3595,0.3662
Ecuador,Mexico,0.0554,0.2265,0.7181
Ecuador,Morocco,0.0342,0.1853,0.7805
Ecuador,Netherlands,0.012,0.1161,0.8719
Ecuador,New Zealand,0.1095,0.2906,0.5999
Ecuador,Norway,0.0227,0.1548,0.8225
Ecuador,Panama,0.5985,0.2913,0.1102
Ecuador,Paraguay,0.5859,0.2971,0.117
Ecuador,Portugal,0.0776,0.2579,0.6645
Ecuador,Qatar,0.4454,0.3458,0.2088
Ecuador,Saudi Arabia,0.3745,0.3584,0.2672
Ecuador,Scotland,0.4171,0.3522,0.2307
Ecuador,Senegal,0.0135,0.1228,0.8637
Ecuador,South Africa,0.3601,0.3601,0.2797
Ecuador,South Korea,0.3074,0.3616,0.3311
Ecuador,Spain,0.0445,0.2071,0.7484
Ecuador,Sweden,0.0845,0.2657,0.6498
Ecuador,Switzerland,0.0643,0.2398,0.696
Ecuador,Tunisia,0.418,0.3518,0.2303
Ecuador,Turkey,0.3303,0.3619,0.3078
Ecuador,United States,0.0583,0.231,0.7107
Ecuador,Uruguay,0.2058,0.3451,0.4491
Ecuador,Uzbekistan,0.4522,0.3442,0.2036
Egypt,Algeria,0.3182,0.3614,0.3204
Egypt,Argentina,0.0262,0.1651,0.8087
Egypt,Australia,0.5712,0.3033,0.1255
Egypt,Austria,0.4034,0.3542,0.2423
Egypt,Belgium,0.0703,0.2484,0.6813
Egypt,Bosnia and Herzegovina,0.4754,0.3375,0.187
Egypt,Brazil,0.0983,0.2802,0.6215
Egypt,Cabo Verde,0.4237,0.3505,0.2258
Egypt,Canada,0.2324,0.352,0.4155
Egypt,Colombia,0.4252,0.3501,0.2247
Egypt,Congo DR,0.4756,0.3377,0.1866
Egypt,Croatia,0.2656,0.3578,0.3766
Egypt,Curacao,0.7078,0.2327,0.0595
Egypt,Czechia,0.6619,0.2592,0.0789
Egypt,Ecuador,0.5874,0.2961,0.1166
Egypt,England,0.0824,0.2632,0.6544
Egypt,France,0.028,0.1699,0.802
Egypt,Germany,0.0351,0.1873,0.7776
Egypt,Ghana,0.7306,0.2186,0.0509
Egypt,Haiti,0.6443,0.2686,0.0871
Egypt,Iran,0.5764,0.3012,0.1225
Egypt,Iraq,0.7814,0.1847,0.0339
Egypt,Japan,0.2449,0.3546,0.4005
Egypt,Jordan,0.5412,0.3154,0.1434
Egypt,Mexico,0.1855,0.3373,0.4772
Egypt,Morocco,0.1258,0.3036,0.5706
Egypt,Netherlands,0.0508,0.2181,0.7311
Egypt,New Zealand,0.3061,0.3611,0.3327
Egypt,Norway,0.089,0.2703,0.6407
Egypt,Panama,0.7981,0.1727,0.0292
Egypt,Paraguay,0.7904,0.1783,0.0313
Egypt,Portugal,0.2395,0.3538,0.4067
Egypt,Qatar,0.6953,0.24,0.0647
Egypt,Saudi Arabia,0.6381,0.2716,0.0903
Egypt,Scotland,0.6733,0.2528,0.0739
Egypt,Senegal,0.0564,0.2279,0.7157
Egypt,South Africa,0.6254,0.2782,0.0964
Egypt,South Korea,0.5757,0.3012,0.1231
Egypt,Spain,0.1561,0.323,0.5209
Egypt,Sweden,0.2549,0.3563,0.3888
Egypt,Switzerland,0.2079,0.3451,0.447
Egypt,Tunisia,0.674,0.2523,0.0737
Egypt,Turkey,0.598,0.2914,0.1106
Egypt,United States,0.1931,0.3401,0.4668
Egypt,Uruguay,0.459,0.3423,0.1988
Egypt,Uzbekistan,0.7004,0.2371,0.0626
England,Algeria,0.6537,0.2634,0.0829
England,Argentina,0.1406,0.3137,0.5456
England,Australia,0.8224,0.1549,0.0227
England,Austria,0.7209,0.2246,0.0545
England,Belgium,0.2879,0.3608,0.3513
England,Bosnia and Herzegovina,0.7684,0.1935,0.0381
England,Brazil,0.3562,0.3602,0.2836
England,Cabo Verde,0.735,0.2157,0.0493
England,Canada,0.5674,0.3049,0.1277
England,Colombia,0.736,0.215,0.049
England,Congo DR,0.7685,0.1936,0.038
England,Croatia,0.6037,0.2885,0.10780000000000001
England,Curacao,0.8872,0.1035,0.0094
England,Czechia,0.8666,0.1204,0.013
England,Ecuador,0.8307,0.1485,0.0208
England,Egypt,0.6544,0.2631,0.0824
England,France,0.1481,0.3184,0.5335
England,Germany,0.1759,0.3331,0.491
England,Ghana,0.8969,0.0952,0.0079
England,Haiti,0.8584,0.127,0.0146
England,Iran,0.825,0.1529,0.0221
England,Iraq,0.918,0.077,0.005
England,Japan,0.5815,0.2987,0.1198
England,Jordan,0.8064,0.1667,0.0269
England,Mexico,0.5078,0.3276,0.1645
England,Morocco,0.412,0.3527,0.2353
England,Netherlands,0.2306,0.3513,0.4181
England,New Zealand,0.6429,0.2691,0.088
England,Norway,0.3352,0.361,0.3038
England,Panama,0.9247,0.071,0.0043
England,Paraguay,0.9216,0.0738,0.0046
England,Portugal,0.5754,0.3016,0.1231
England,Qatar,0.8817,0.108,0.0103
England,Saudi Arabia,0.8556,0.1292,0.0153
England,Scotland,0.8718,0.1161,0.0121
England,Senegal,0.248,0.3557,0.3964
England,South Africa,0.8495,0.134,0.0165
England,South Korea,0.8247,0.15310000000000001,0.0222
England,Spain,0.4642,0.3407,0.1951
England,Sweden,0.5924,0.2937,0.1138
England,Switzerland,0.5378,0.3166,0.1456
England,Tunisia,0.8722,0.1158,0.012
England,Turkey,0.836,0.1445,0.0195
England,United States,0.5184,0.3238,0.1578
England,Uruguay,0.7581,0.2006,0.0413
England,Uzbekistan,0.8839,0.1061,0.0099
France,Algeria,0.8016,0.1702,0.0282
France,Argentina,0.3074,0.3615,0.3311
France,Australia,0.9034,0.0897,0.0069
France,Austria,0.8438,0.1385,0.0177
France,Belgium,0.5003,0.3303,0.1694
France,Bosnia and Herzegovina,0.8723,0.1158,0.012
France,Brazil,0.5702,0.3038,0.126
France,Cabo Verde,0.8523,0.1318,0.0159
France,Canada,0.7431,0.2104,0.0464
France,Colombia,0.853,0.1313,0.0158
France,Congo DR,0.8722,0.1158,0.012
France,Croatia,0.7684,0.1935,0.0381
France,Curacao,0.9395,0.0577,0.0028
France,Czechia,0.9282,0.0679,0.0039
France,Ecuador,0.9081,0.0856,0.0063
France,Egypt,0.802,0.1699,0.028
France,England,0.5334,0.3186,0.1481
France,Germany,0.3606,0.3599,0.2795
France,Ghana,0.9449,0.0528,0.0023
France,Haiti,0.9237,0.072,0.0044
France,Iran,0.9049,0.0884,0.0067
France,Iraq,0.9563,0.0422,0.0015
France,Japan,0.7531,0.2039,0.0431
France,Jordan,0.8943,0.0974,0.0083
France,Mexico,0.6993,0.2378,0.0629
France,Morocco,0.6213,0.2802,0.0985
France,Netherlands,0.4336,0.3482,0.2182
France,New Zealand,0.7946,0.1752,0.0302
France,Norway,0.5497,0.312,0.1383
France,Panama,0.9599,0.0388,0.0012
France,Paraguay,0.9583,0.0404,0.0013
France,Portugal,0.7487,0.2068,0.0445
France,Qatar,0.9365,0.0604,0.003
France,Saudi Arabia,0.9221,0.0734,0.0046
France,Scotland,0.9311,0.0654,0.0036
France,Senegal,0.4547,0.3436,0.2017
France,South Africa,0.9187,0.0764,0.0049
France,South Korea,0.9047,0.0885,0.0068
France,Spain,0.6651,0.2573,0.0776
France,Sweden,0.7607,0.1988,0.0406
France,Switzerland,0.7218,0.2239,0.0542
France,Tunisia,0.9313,0.0652,0.0036
France,Turkey,0.9111,0.083,0.0059
France,United States,0.7074,0.2329,0.0598
France,Uruguay,0.8661,0.1208,0.0131
France,Uzbekistan,0.9377,0.0593,0.0029
Germany,Algeria,0.7772,0.1874,0.0353
Germany,Argentina,0.2684,0.3584,0.3732
Germany,Australia,0.8908,0.1004,0.0088
Germany,Austria,0.8241,0.1536,0.0223
Germany,Belgium,0.4573,0.3429,0.1998
Germany,Bosnia and Herzegovina,0.8558,0.129,0.0152
Germany,Brazil,0.529,0.3201,0.1509
Germany,Cabo Verde,0.8335,0.1464,0.02
Germany,Canada,0.7132,0.2293,0.0575
Germany,Colombia,0.8343,0.1458,0.0199
Germany,Congo DR,0.8558,0.129,0.0151
Germany,Croatia,0.7407,0.2119,0.0474
Germany,Curacao,0.9315,0.065,0.0035
Germany,Czechia,0.9187,0.0764,0.0049
Germany,Ecuador,0.8961,0.0959,0.008
Germany,Egypt,0.7778,0.1871,0.0351
Germany,England,0.491,0.333,0.176
Germany,France,0.2795,0.3597,0.3608
Germany,Ghana,0.9375,0.0595,0.0029
Germany,Haiti,0.9136,0.0809,0.0056
Germany,Iran,0.8925,0.099,0.0086
Germany,Iraq,0.9505,0.0477,0.0019
Germany,Japan,0.724,0.2226,0.0534
Germany,Jordan,0.8805,0.1089,0.0105
Germany,Mexico,0.6657,0.257,0.0773
Germany,Morocco,0.5825,0.2984,0.1192
Germany,Netherlands,0.3904,0.356,0.2536
Germany,New Zealand,0.7695,0.1927,0.0377
Germany,Norway,0.5078,0.3273,0.1649
Germany,Panama,0.9546,0.0439,0.0016
Germany,Paraguay,0.9527,0.0456,0.0017
Germany,Portugal,0.7193,0.2256,0.0551
Germany,Qatar,0.9281,0.068,0.0039
Germany,Saudi Arabia,0.9118,0.0824,0.0058
Germany,Scotland,0.9219,0.0735,0.0046
Germany,Senegal,0.4114,0.3531,0.2356
Germany,South Africa,0.908,0.0857,0.0063
Germany,South Korea,0.8923,0.0991,0.0086
Germany,Spain,0.629,0.2763,0.0947
Germany,Sweden,0.7323,0.2173,0.0504
Germany,Switzerland,0.69,0.2431,0.0669
Germany,Tunisia,0.9222,0.0733,0.0045
Germany,Turkey,0.8995,0.093,0.0075
Germany,United States,0.6744,0.2521,0.0735
Germany,Uruguay,0.849,0.1344,0.0166
Germany,Uzbekistan,0.9295,0.0668,0.0037
Ghana,Algeria,0.0506,0.2177,0.7318
Ghana,Argentina,0.0021,0.051,0.9469
Ghana,Australia,0.1622,0.3262,0.5117
Ghana,Austria,0.0772,0.2568,0.666
Ghana,Belgium,0.0065,0.0872,0.9063
Ghana,Bosnia and Herzegovina,0.107,0.2879,0.605
Ghana,Brazil,0.0097,0.1052,0.885
Ghana,Cabo Verde,0.0848,0.2658,0.6494
Ghana,Canada,0.0308,0.177,0.7922
Ghana,Colombia,0.0854,0.2664,0.6482
Ghana,Congo DR,0.1072,0.2885,0.6043
Ghana,Croatia,0.0378,0.1928,0.7695
Ghana,Curacao,0.2896,0.3607,0.3498
Ghana,Czechia,0.2383,0.3535,0.4083
Ghana,Ecuador,0.1736,0.3315,0.4949
Ghana,Egypt,0.0509,0.2184,0.7308
Ghana,England,0.0079,0.0952,0.897
Ghana,France,0.0023,0.0528,0.9449
Ghana,Germany,0.0029,0.0595,0.9375
Ghana,Haiti,0.2211,0.3492,0.4297
Ghana,Iran,0.1658,0.3282,0.506
Ghana,Iraq,0.397,0.3554,0.2475
Ghana,Japan,0.0334,0.183,0.7837
Ghana,Jordan,0.1426,0.3148,0.5426
Ghana,Mexico,0.0223,0.1536,0.8241
Ghana,Morocco,0.0133,0.1214,0.8653
Ghana,Netherlands,0.0045,0.0726,0.9229
Ghana,New Zealand,0.0474,0.212,0.7406
Ghana,Norway,0.0086,0.0992,0.8921
Ghana,Panama,0.4265,0.3497,0.2238
Ghana,Paraguay,0.4126,0.3526,0.2348
Ghana,Portugal,0.0323,0.1806,0.7872
Ghana,Qatar,0.2744,0.3589,0.3667
Ghana,Saudi Arabia,0.2152,0.3471,0.4377
Ghana,Scotland,0.25,0.3557,0.3943
Ghana,Senegal,0.005,0.0771,0.9179
Ghana,South Africa,0.2041,0.3439,0.4519
Ghana,South Korea,0.1652,0.3275,0.5073
Ghana,Spain,0.0176,0.1381,0.8443
Ghana,Sweden,0.0354,0.1877,0.7768
Ghana,Switzerland,0.0262,0.1647,0.8091
Ghana,Tunisia,0.2507,0.3555,0.3938
Ghana,Turkey,0.1817,0.3355,0.4828
Ghana,United States,0.0236,0.1574,0.8191
Ghana,Uruguay,0.0995,0.2812,0.6192
Ghana,Uzbekistan,0.2804,0.3596,0.36
Haiti,Algeria,0.0867,0.2677,0.6456
Haiti,Argentina,0.0041,0.0695,0.9264
Haiti,Australia,0.2458,0.3549,0.3993
Haiti,Austria,0.1277,0.3049,0.5673
Haiti,Belgium,0.0122,0.1168,0.8711
Haiti,Bosnia and Herzegovina,0.1713,0.3305,0.4982
Haiti,Brazil,0.018,0.1396,0.8424
Haiti,Cabo Verde,0.1391,0.3128,0.5481
Haiti,Canada,0.0545,0.2246,0.7209
Haiti,Colombia,0.14,0.3133,0.5467
Haiti,Congo DR,0.1715,0.3311,0.4975
Haiti,Croatia,0.066,0.2418,0.6922
Haiti,Curacao,0.3975,0.3553,0.2471
Haiti,Czechia,0.3394,0.3613,0.2993
Haiti,Ecuador,0.2605,0.3571,0.3824
Haiti,Egypt,0.0871,0.2685,0.6444
Haiti,England,0.0146,0.127,0.8584
Haiti,France,0.0044,0.072,0.9237
Haiti,Germany,0.0056,0.0809,0.9135
Haiti,Ghana,0.4295,0.3493,0.2211
Haiti,Iran,0.2505,0.3559,0.3936
Haiti,Iraq,0.5093,0.3272,0.1634
Haiti,Japan,0.0587,0.2312,0.7101
Haiti,Jordan,0.2201,0.3488,0.4311
Haiti,Mexico,0.0401,0.198,0.7619
Haiti,Morocco,0.0243,0.1597,0.816
Haiti,Netherlands,0.0084,0.098,0.8936
Haiti,New Zealand,0.0817,0.262,0.6564
Haiti,Norway,0.016,0.1321,0.8519
Haiti,Panama,0.538,0.3166,0.1453
Haiti,Paraguay,0.5246,0.3217,0.1537
Haiti,Portugal,0.0569,0.2286,0.7145
Haiti,Qatar,0.3808,0.3574,0.2619
Haiti,Saudi Arabia,0.3121,0.3612,0.3267
Haiti,Scotland,0.353,0.3604,0.2865
Haiti,Senegal,0.0094,0.1038,0.8867
Haiti,South Africa,0.2986,0.3611,0.3403
Haiti,South Korea,0.2498,0.3553,0.3948
Haiti,Spain,0.0319,0.1797,0.7883
Haiti,Sweden,0.0622,0.2363,0.7015
Haiti,Switzerland,0.0467,0.2108,0.7425
Haiti,Tunisia,0.3539,0.3601,0.2861
Haiti,Turkey,0.2708,0.3588,0.3704
Haiti,United States,0.0423,0.2023,0.7554
Haiti,Uruguay,0.1605,0.3255,0.514
Haiti,Uzbekistan,0.3874,0.3566,0.256
Iran,Algeria,0.1219,0.3003,0.5778
Iran,Argentina,0.0063,0.0854,0.9083
Iran,Australia,0.3139,0.3615,0.3246
Iran,Austria,0.1744,0.3323,0.4933
Iran,Belgium,0.0184,0.1412,0.8404
Iran,Bosnia and Herzegovina,0.2277,0.3506,0.4217
Iran,Brazil,0.0271,0.1673,0.8056
Iran,Cabo Verde,0.1885,0.3384,0.4731
Iran,Canada,0.0787,0.2587,0.6626
Iran,Colombia,0.1896,0.3387,0.4717
Iran,Congo DR,0.2279,0.3511,0.421
Iran,Croatia,0.0943,0.2757,0.6299
Iran,Curacao,0.4742,0.3381,0.1877
Iran,Czechia,0.4148,0.3523,0.2329
Iran,Ecuador,0.3303,0.3611,0.3086
Iran,Egypt,0.1224,0.301,0.5765
Iran,England,0.0221,0.1529,0.825
Iran,France,0.0067,0.0883,0.9049
Iran,Germany,0.0086,0.099,0.8924
Iran,Ghana,0.5059,0.3283,0.1658
Iran,Haiti,0.3935,0.3559,0.2506
Iran,Iraq,0.5824,0.2986,0.119
Iran,Japan,0.0844,0.2653,0.6503
Iran,Jordan,0.2848,0.3601,0.3551
Iran,Mexico,0.0586,0.2313,0.7101
Iran,Morocco,0.0363,0.1898,0.774
Iran,Netherlands,0.0128,0.1193,0.8679
Iran,New Zealand,0.1153,0.295,0.5898
Iran,Norway,0.0241,0.1588,0.8171
Iran,Panama,0.6092,0.286,0.1048
Iran,Paraguay,0.5967,0.292,0.1113
Iran,Portugal,0.082,0.2627,0.6554
Iran,Qatar,0.4573,0.3425,0.2002
Iran,Saudi Arabia,0.3861,0.3565,0.2574
Iran,Scotland,0.4289,0.3494,0.2217
Iran,Senegal,0.0144,0.1261,0.8595
Iran,South Africa,0.3717,0.3586,0.2697
Iran,South Korea,0.3183,0.3613,0.3204
Iran,Spain,0.0472,0.2117,0.7411
Iran,Sweden,0.0892,0.2704,0.6404
Iran,Switzerland,0.0679,0.2446,0.6875
Iran,Tunisia,0.4298,0.349,0.2212
Iran,Turkey,0.3416,0.361,0.2974
Iran,United States,0.0617,0.2358,0.7025
Iran,Uruguay,0.2147,0.3474,0.4378
Iran,Uzbekistan,0.464,0.3407,0.1952
Iraq,Algeria,0.0337,0.1837,0.7826
Iraq,Argentina,0.0013,0.0407,0.958
Iraq,Australia,0.1162,0.2958,0.588
Iraq,Austria,0.0525,0.221,0.7265
Iraq,Belgium,0.0041,0.0702,0.9256
Iraq,Bosnia and Herzegovina,0.0742,0.2527,0.673
Iraq,Brazil,0.0062,0.0852,0.9085
Iraq,Cabo Verde,0.058,0.23,0.712
Iraq,Canada,0.0202,0.1469,0.8329
Iraq,Colombia,0.0584,0.2306,0.711
Iraq,Congo DR,0.0744,0.2533,0.6724
Iraq,Croatia,0.0249,0.161,0.8141
Iraq,Curacao,0.2215,0.3493,0.4292
Iraq,Czechia,0.1777,0.3338,0.4885
Iraq,Ecuador,0.1251,0.3025,0.5724
Iraq,Egypt,0.0339,0.1843,0.7817
Iraq,England,0.005,0.0769,0.9181
Iraq,France,0.0015,0.0422,0.9564
Iraq,Germany,0.0019,0.0476,0.9505
Iraq,Ghana,0.2476,0.3552,0.3972
Iraq,Haiti,0.1635,0.3269,0.5097
Iraq,Iran,0.119,0.2982,0.5827
Iraq,Japan,0.0219,0.1522,0.8259
Iraq,Jordan,0.101,0.2824,0.6166
Iraq,Mexico,0.0145,0.1264,0.8591
Iraq,Morocco,0.0085,0.0988,0.8926
Iraq,Netherlands,0.0028,0.0583,0.9389
Iraq,New Zealand,0.0315,0.1785,0.79
Iraq,Norway,0.0055,0.0803,0.9142
Iraq,Panama,0.3472,0.3605,0.2923
Iraq,Paraguay,0.3339,0.3612,0.3049
Iraq,Portugal,0.0212,0.15,0.8288
Iraq,Qatar,0.2083,0.345,0.4466
Iraq,Saudi Arabia,0.1586,0.3238,0.5176
Iraq,Scotland,0.1876,0.3378,0.4746
Iraq,Senegal,0.0032,0.062,0.9348
Iraq,South Africa,0.1496,0.3191,0.5313
Iraq,South Korea,0.1185,0.2975,0.584
Iraq,Spain,0.0114,0.113,0.8756
Iraq,Sweden,0.0233,0.1564,0.8203
Iraq,Switzerland,0.0171,0.1361,0.8468
Iraq,Tunisia,0.1881,0.3378,0.4741
Iraq,Turkey,0.1316,0.3075,0.5609
